 | 1 | Jun 25 2023 | Jogo1
 | 1 | Jun 25 2023 | Joso
12312312311 | 7 | Jun 25 2023 | Jogo2
12312312311 | 7 | Jun 25 2023 | 1
 | 1 | Jun 25 2023 | 1
 | 1 | Jun 25 2023 | 1
 | 1 | Jun 25 2023 | 1
 | 1 | Jun 25 2023 | 1
 | 1 | Jun 25 2023 | 1
 | 1 | Jun 25 2023 | 1
 | 1 | Jun 25 2023 | 1
 | 1 | Jun 25 2023 | 1
12312312311 | 7 | Jun 25 2023 | 2
12312312311 | 7 | Jun 25 2023 | 2
11111111111 | 7 | Jun 25 2023 | 2
11111111111 | 7 | Jun 25 2023 | 3
00011122233 | 7 | Jun 25 2023 | 4
11111111111 | 7 | Jun 25 2023 | 4
 | 1 | Jun 25 2023 | 1
00000000000 | 7 | Jun 25 2023 | 1
11111111111 | 7 | Jun 25 2023 | 2
00000000000 | 7 | Jun 25 2023 | 2
 | 1 | Jun 25 2023 | 3
 | 1 | Jun 25 2023 | 3
 | 1 | Jun 25 2023 | 4
 | 1 | Jun 25 2023 | 1
 | 1 | Jun 25 2023 | 1
 | 1 | Jun 25 2023 | 1
